Amulet Gesture Classifier 1.1
7 classes
or
not
undo
line
onezero
and
xor
V 11 -0.0523749 0.345724 54.3856 0.870499 9.83662 -0.222478 0.2867 124.448 1.95074 6.66585 4.61652
V 11 8.56451 -0.610077 0.526503 5.1018 -0.509734 -5.42762 -1.82958 -0.0569708 0.489129 38.6987 -10.5517
V 11 0.945619 0.105528 70.0332 0.575095 39.5547 -0.0122418 0.0939694 118.79 -0.0989471 3.06599 3.55242
V 11 25.6885 4.31758 0.218081 4.14098 -0.201713 -19.4521 -2.77296 -0.0231162 0.559745 15.797 -4.06223
V 11 0 0 0 0 0 0 0 0 0 0 0
V 11 0 0 0 0 0 0 0 0 0 0 0
V 11 0.172287 0.180556 137.186 0.74141 136.041 0.178242 0.160892 139.315 0.109318 0.817136 0.925011
V 11 -0.172462 -2.66044 0.0917492 11.9022 -0.0197357 1.60298 0.739632 -0.0309809 0.157017 1.65572 -0.18193
V 11 -0.251552 0.81102 73.4912 0.973761 70.6844 0.322209 0.497647 97.8224 0.98356 1.98484 2.05226
V 11 -9.27033 3.88106 -0.0751273 12.6771 0.0465728 9.32807 -3.45699 0.0405795 -0.0646529 7.35575 -1.67626
V 11 0.29498 -0.927778 140.632 1.00919 50.9789 0.219396 -0.952297 314.311 -2.18355 6.20561 10.7748
V 11 -5.76915 -21.4484 0.422087 11.6574 -0.434069 8.40188 8.49934 0.0227839 0.936571 23.3201 -3.91364
V 11 0.243394 0.702298 117.37 0.738341 76.308 0.378561 0.0426853 283.542 -1.60966 5.84839 7.81096
V 11 4.33717 10.9493 -0.537037 3.48421 0.238993 -0.568565 -8.87898 0.271774 0.249784 24.8023 -5.1553
V 7 -115.598 -32.8009 -0 -7.75333 -15.973 -84.3024 -73.6858
V 7 0 0 1 0 0 0 0
M 11 11
 27.1172 8.87477 -0.0708259 -1.92499 0.0533362 -21.6663 -4.32812 0.0100737 0.336047 1.4072 -0.638855
 8.87477 26.6075 -0.132067 -2.10983 0.08944 -8.21625 -16.6618 0.0217495 -0.718723 0.720029 -0.944429
 -0.0708259 -0.132067 0.0283904 0.0537897 -0.0196395 0.041347 0.0744969 -0.00837235 -0.00572285 0.0575746 -0.0372731
 -1.92499 -2.10983 0.0537897 15.0063 -0.0203698 2.11514 0.0711547 -0.0191971 -0.0138661 -1.17504 0.138901
 0.0533362 0.08944 -0.0196395 -0.0203698 0.0144474 -0.031313 -0.0545257 0.0052441 0.00344718 -0.0603851 0.0341603
 -21.6663 -8.21625 0.041347 2.11514 -0.031313 20.6172 3.75418 -0.00133453 0.0150311 -0.996767 0.603887
 -4.32812 -16.6618 0.0744969 0.0711547 -0.0545257 3.75418 13.5629 -0.00860955 0.476216 -0.949961 0.768648
 0.0100737 0.0217495 -0.00837235 -0.0191971 0.0052441 -0.00133453 -0.00860955 0.00296615 0.00289908 -0.00782559 0.00780861
 0.336047 -0.718723 -0.00572285 -0.0138661 0.00344718 0.0150311 0.476216 0.00289908 0.146802 -0.00603577 0.065959
 1.4072 0.720029 0.0575746 -1.17504 -0.0603851 -0.996767 -0.949961 -0.00782559 -0.00603577 7.19564 -2.14875
 -0.638855 -0.944429 -0.0372731 0.138901 0.0341603 0.603887 0.768648 0.00780861 0.065959 -2.14875 0.963562
xor
 189 99 185 99 181 103 179 113 181 123 189 129 195 130 198 130 201 124 203 116 203 108 200 104 194 102 188 101 184 100 182 100 182 101 182 101
xor
 201 108 189 110 181 120 182 138 194 154 214 158 224 156 228 144 226 128 220 116 210 106 200 105 194 105 192 108 192 109 192 110 192 110
xor
 238 121 228 121 222 127 221 139 227 151 235 154 241 153 245 143 247 133 246 127 240 121 232 119 229 119 228 120 228 121 228 122 228 122
xor
 227 127 233 119 236 117 239 117 242 120 245 132 248 148 247 158 245 162 241 163 239 163 236 163 232 153 226 131 223 119 222 113 223 109 226 108 228 107 228 108 228 108
xor
 224 117 228 116 232 116 235 117 239 129 243 143 243 149 242 151 234 151 228 149 222 146 219 142 216 136 215 126 216 122 222 120 228 119 232 119 233 119 234 122 236 123 236 123
xor
 225 124 229 123 235 122 238 122 239 124 242 132 245 148 247 156 246 160 242 160 228 158 220 152 216 148 210 140 209 134 210 131 214 129 218 129 222 129 223 129 223 129
xor
 203 120 201 123 202 137 212 149 224 157 236 159 244 157 246 149 246 141 244 137 234 133 224 129 218 128 217 128 215 130 214 132 214 133 215 133 215 133
xor
 217 126 216 134 219 142 223 148 231 152 243 155 249 153 252 149 254 141 252 131 246 125 236 122 226 120 222 119 221 121 220 124 221 130 222 131 222 132 222 132
xor
 242 125 236 129 233 141 233 155 237 169 241 172 255 174 269 172 275 164 275 156 272 150 262 142 252 136 246 132 242 129 239 129 238 129 238 130 238 130
xnot
 170 107 172 108 186 114 202 122 208 124 208 125 204 126 190 127 182 129 181 129 180 130 179 131 177 131 176 132 175 132 174 132 174 132
xnot
 168 110 174 112 194 116 212 124 218 128 220 129 221 132 221 134 209 137 189 140 175 141 174 141 174 141
xnot
 173 94 183 96 205 104 221 112 222 114 223 118 223 124 220 128 200 131 186 134 184 135 182 136 181 137 181 137
xnot
 175 150 183 150 211 150 237 146 249 142 251 140 247 136 223 128 191 120 185 119 184 119 184 119
xnot
 187 159 195 159 221 153 239 143 249 129 253 121 253 120 245 118 211 112 173 104 167 102 166 102 166 102
xnot
 179 182 193 179 223 159 241 131 244 115 244 112 236 113 202 112 162 108 152 108 152 108
xnot
 197 159 205 159 237 155 253 151 255 150 251 149 227 143 199 135 191 132 190 132 190 132
xnot
 184 156 194 155 208 153 212 151 216 147 219 144 220 142 223 140 224 140 220 138 196 130 180 124 179 123 178 123 178 123
xnot
 170 114 173 117 185 127 203 143 213 149 214 152 210 153 190 154 166 155 160 156 160 156
xnot
 167 122 177 123 191 126 205 132 209 134 209 136 209 138 203 146 185 150 165 151 162 152 162 152
xnot
 171 120 193 126 209 130 211 132 212 134 214 137 214 139 210 143 194 146 180 148 178 148 178 149 178 149
xundo
 225 90 224 91 224 91
xundo
 225 117 225 117
xundo
 225 117 225 117
xundo
 225 117 225 117
xundo
 225 117 225 117
xundo
 169 147 169 147
xundo
 258 156 258 156
xundo
 248 120 248 120
xline
 94 166 116 166 174 163 244 149 294 141 310 140 309 140 309 141 309 141
xline
 132 105 168 123 234 153 284 173 302 185 302 186 302 186
xline
 174 89 178 151 190 219 194 241 195 243 196 237 196 237
xline
 207 96 195 120 173 160 155 188 147 200 146 204 145 205 145 205
xline
 276 134 254 134 202 131 146 127 130 126 130 126
xline
 297 181 255 181 199 171 161 159 153 156 153 157 153 157
xline
 157 179 199 133 243 103 271 91 275 88 275 87 275 87
xline
 229 181 223 127 221 85 221 75 220 75 219 77 219 77
xline
 191 94 194 152 196 204 199 228 200 231 200 231
xline
 144 175 200 163 262 147 306 143 310 143 309 143 309 143
xline
 158 97 184 145 232 205 270 233 273 234 272 234 272 234
xline
 240 148 236 186 235 212 235 214 237 208 241 186 241 186
xline
 273 152 245 164 225 176 223 178 222 178 222 178
xline
 411 39 373 85 313 143 251 199 209 231 187 245 177 251 173 254 170 256 169 256 169 256
xline
 354 10 350 18 330 36 300 64 268 94 242 114 218 132 196 150 170 168 144 186 118 202 100 216 82 226 64 236 50 242 38 250 28 258 24 262 22 264 22 265 22 265
xline
 18 21 26 31 54 55 96 87 152 127 198 159 244 187 286 209 318 227 352 245 390 255 420 259 442 263 456 267 472 270 478 271 486 274 490 275 491 275 491 276 491 276
xline
 181 87 184 95 190 113 198 131 204 145 207 153 209 156 210 157 211 158 212 160 214 163 218 171 224 183 228 195 229 196 229 196
xline
 117 211 131 203 173 169 225 127 267 95 291 79 297 75 298 75 298 75
xline
 342 209 320 199 280 175 240 143 198 111 164 87 144 77 136 74 135 74 134 74 134 74
xline
 190 139 194 137 210 127 226 113 236 107 238 106 237 106 237 107 237 107
xline
 204 155 208 154 226 150 248 140 251 137 252 137 251 138 250 140 250 140
xline
 210 126 222 138 240 150 254 160 257 162 256 163 253 164 253 164
xline
 220 158 230 148 238 130 241 120 242 118 241 119 241 120 241 120
xline
 205 135 225 145 249 153 259 156 260 156 259 156 257 157 257 157
xline
 236 137 240 151 244 161 246 165 246 166 246 168 245 168 245 168
xline
 250 132 247 135 235 141 227 147 225 150 224 151 224 152 223 153 223 153
xline
 253 148 243 140 229 137 219 136 216 135 214 135 214 136 214 136
xline
 227 157 231 141 234 123 234 113 235 112 234 112 234 113 234 113
xline
 216 154 224 150 242 138 256 130 258 128 257 129 254 131 254 131
xline
 213 142 233 146 249 147 252 147 253 147 252 148 252 148
xline
 222 121 226 139 229 153 231 157 232 159 231 160 231 161 231 161
xonezero
 170 81 170 87 169 105 171 115 172 117 172 118 176 117 182 116 184 116 184 116
xonezero
 178 71 179 83 180 105 183 125 184 128 192 129 216 128 220 128 220 128
xonezero
 198 85 198 107 197 123 197 126 197 127 205 128 221 129 222 129 222 130 222 129 222 129
xonezero
 196 68 194 86 193 104 193 114 193 118 193 122 193 124 193 125 197 126 211 127 225 129 228 130 230 131 231 131 232 131 232 131
xonezero
 192 62 191 70 190 92 189 114 191 120 192 122 195 122 215 122 237 123 240 123 239 123 238 123 238 123
xonezero
 201 34 201 38 201 60 201 86 201 94 201 95 211 95 233 95 245 95 245 94 245 95 245 95
xonezero
 260 98 257 98 253 98 241 99 233 99 230 100 233 94 235 68 236 46 234 38 234 37 234 37
xonezero
 278 161 272 161 256 162 246 161 244 161 243 161 245 153 249 131 252 115 252 111 252 110 252 109 252 109
xonezero
 305 145 297 146 279 148 253 149 241 149 240 149 243 146 247 124 250 96 250 84 249 80 248 78 248 78
xonezero
 248 74 246 88 246 108 245 122 245 130 245 133 245 135 246 136 252 136 262 136 274 135 276 135 275 135 275 135
xonezero
 220 107 217 129 217 133 217 134 218 135 236 139 258 141 259 141 259 142 259 142
xonezero
 226 60 222 82 216 110 214 124 214 128 215 130 216 133 220 136 238 140 258 143 262 143 261 143 260 142 260 142
xonezero
 207 91 204 121 204 131 205 133 207 134 221 137 249 139 259 140 259 141 259 141
xonezero
 229 50 227 70 225 100 222 124 222 128 222 130 224 131 244 131 272 131 280 131 280 131
xonezero
 216 37 213 59 211 87 210 105 210 111 211 112 214 114 236 117 262 120 265 120 265 121 265 121
xand
 176 172 179 168 201 134 225 94 237 74 239 72 242 84 260 140 282 186 288 202 286 200 274 188 242 164 212 144 198 140 197 139 196 139 195 139 195 139
xand
 180 185 202 161 216 123 226 97 229 87 230 87 234 95 246 139 260 187 266 211 267 213 266 211 263 207 237 191 201 171 181 161 179 159 180 159 180 159
xand
 183 191 191 179 207 137 217 85 218 53 219 51 223 67 247 129 265 183 271 201 271 202 271 200 259 194 231 176 213 154 209 148 209 145 208 144 207 142 206 141 205 141 205 141
xand
 192 187 196 177 204 141 210 107 213 85 215 79 217 80 227 104 251 154 269 184 273 188 270 187 252 179 226 165 214 151 210 143 208 140 206 139 205 138 205 137 204 137 204 137
xand
 188 181 204 155 220 113 228 73 231 59 233 57 234 65 248 113 264 171 274 207 276 215 272 212 256 194 230 166 208 136 202 122 201 121 201 122 201 122
xand
 185 235 189 229 207 193 227 139 235 97 236 75 237 72 240 82 256 136 276 196 284 230 286 242 287 245 284 244 268 232 244 206 220 170 208 154 207 152 206 153 206 153
xand
 197 222 199 202 207 156 217 94 225 50 228 38 229 37 233 51 261 111 281 175 289 203 290 206 287 202 271 186 247 164 229 150 223 144 221 142 215 141 209 139 208 139 208 138 206 138 206 137 205 138 205 138
xand
 197 201 200 193 214 159 224 119 230 89 233 69 235 65 238 68 244 100 256 152 268 186 271 196 271 197 271 198 270 194 254 174 226 146 212 136 209 134 208 134 208 134
xand
 268 224 268 214 265 194 255 162 239 126 233 106 231 102 231 100 230 100 226 106 212 136 194 164 188 180 186 186 185 189 185 190 186 191 188 190 204 187 230 175 248 165 251 163 252 162 254 160 255 160 256 160 255 160 255 160
xand
 268 214 272 194 268 158 244 116 228 94 222 88 221 87 220 88 214 100 198 132 178 162 168 178 166 180 165 182 169 183 193 183 233 179 257 169 267 165 271 163 273 162 274 162 274 162
xand
 276 197 276 187 275 163 272 143 270 131 268 127 267 128 263 140 253 162 249 172 249 174 253 173 267 170 273 167 274 166 275 165 274 166 274 166
xand
 278 180 279 174 279 156 275 134 267 112 264 106 263 106 262 107 259 117 253 141 247 161 246 164 246 165 250 164 264 160 278 156 282 153 284 152 284 152
xand
 248 186 260 170 278 146 286 128 288 124 291 128 295 150 297 166 297 169 297 170 296 171 296 174 296 177 296 178 296 179 295 179 293 175 281 165 267 155 266 154 265 155 265 155
xand
 236 185 237 179 249 149 255 111 257 95 258 92 261 96 271 122 279 154 283 168 284 169 284 170 284 171 284 172 284 173 283 173 281 172 271 162 255 148 252 145 252 144 251 144 250 145 250 145
xand
 235 149 239 143 251 117 261 89 264 81 265 80 267 82 277 108 283 136 285 142 282 141 276 137 266 127 258 113 255 109 254 109 253 109 253 109
xxor
 164 76 172 86 200 114 224 140 232 154 234 158 234 159 226 159 192 156 168 153 166 153 166 152 169 144 183 122 207 100 229 88 233 86 234 86 233 86 233 86
xxor
 152 60 172 82 204 116 226 140 229 144 229 147 229 149 227 150 215 151 177 149 141 145 140 144 143 141 165 125 205 99 235 71 239 65 239 65
xxor
 199 112 233 146 239 156 239 158 238 159 220 159 176 153 140 149 139 148 141 146 165 134 211 116 249 100 265 90 266 89 266 89
xxor
 255 63 241 75 217 99 197 127 189 143 188 149 188 150 196 151 228 148 248 146 250 145 247 139 231 111 201 83 187 75 184 75 183 75 183 75
xxor
 275 48 263 58 239 86 209 118 193 140 192 146 192 148 202 148 238 146 280 142 292 139 290 137 276 127 244 91 208 59 198 55 197 54 197 55 196 55 196 55
xxor
 204 48 207 56 235 86 263 116 281 140 284 152 285 155 285 156 279 157 249 156 209 152 203 150 205 149 217 133 245 103 273 69 287 55 289 54 288 54 288 54
xxor
 185 50 195 56 237 80 283 110 303 126 305 129 305 131 299 134 267 137 217 139 189 139 188 139 189 136 205 116 239 78 269 46 277 40 278 39 277 40 277 40
xxor
 176 50 178 52 200 76 244 110 284 140 296 150 296 153 294 155 278 157 234 155 190 141 186 138 188 130 206 110 238 82 270 56 288 46 291 43 291 44 291 44
xxor
 291 43 290 44 260 60 218 86 188 108 182 120 182 122 185 123 219 119 255 111 265 107 264 105 252 87 216 55 176 37 166 36 166 36
xxor
 173 62 179 76 193 98 203 110 206 112 207 113 206 114 202 113 190 111 187 110 186 109 186 107 185 103 185 102 183 102 179 102 178 102 178 101 181 99 195 89 211 79 221 73 223 70 224 70 224 70
xxor
 191 64 194 70 206 84 218 100 222 106 223 108 223 109 219 110 205 109 193 109 191 109 190 109 187 109 185 109 186 107 196 103 210 93 226 79 234 69 236 67 236 67
xxor
 228 60 225 66 215 74 201 84 193 88 190 91 189 93 188 95 194 93 208 89 222 86 225 86 226 86 227 86 226 85 216 82 204 78 198 76 197 76 196 75 194 74 191 72 188 70 186 68 184 68 183 66 182 66 181 66 181 66
xxor
 182 54 185 57 201 71 221 89 233 97 233 98 233 99 233 100 229 100 209 97 183 93 175 90 174 90 176 88 184 80 204 72 224 68 236 64 239 63 239 62 239 62
