Amulet Gesture Classifier 1.1
7 classes
or
not
undo
line
onezero
and
xor
V 11 -0.0523749 0.345724 54.3856 0.870499 9.83662 -0.222478 0.2867 124.448 1.95074 6.66585 4.61652
V 11 8.56451 -0.610077 0.526503 5.1018 -0.509734 -5.42762 -1.82958 -0.0569708 0.489129 38.6987 -10.5517
V 11 0.945619 0.105528 70.0332 0.575095 39.5547 -0.0122418 0.0939694 118.79 -0.0989471 3.06599 3.55242
V 11 25.6885 4.31758 0.218081 4.14098 -0.201713 -19.4521 -2.77296 -0.0231162 0.559745 15.797 -4.06223
V 11 0 0 0 0 0 0 0 0 0 0 0
V 11 0 0 0 0 0 0 0 0 0 0 0
V 11 0.172287 0.180556 137.186 0.74141 136.041 0.178242 0.160892 139.315 0.109318 0.817136 0.925011
V 11 -0.172462 -2.66044 0.0917492 11.9022 -0.0197357 1.60298 0.739632 -0.0309809 0.157017 1.65572 -0.18193
V 11 -0.251552 0.81102 73.4912 0.973761 70.6844 0.322209 0.497647 97.8224 0.98356 1.98484 2.05226
V 11 -9.27033 3.88106 -0.0751273 12.6771 0.0465728 9.32807 -3.45699 0.0405795 -0.0646529 7.35575 -1.67626
V 11 0.29498 -0.927778 140.632 1.00919 50.9789 0.219396 -0.952297 314.311 -2.18355 6.20561 10.7748
V 11 -5.76915 -21.4484 0.422087 11.6574 -0.434069 8.40188 8.49934 0.0227839 0.936571 23.3201 -3.91364
V 11 0.243394 0.702298 117.37 0.738341 76.308 0.378561 0.0426853 283.542 -1.60966 5.84839 7.81096
V 11 4.33717 10.9493 -0.537037 3.48421 0.238993 -0.568565 -8.87898 0.271774 0.249784 24.8023 -5.1553
V 7 -115.598 -32.8009 -0 -7.75333 -15.973 -84.3024 -73.6858
V 7 0 0 1 0 0 0 0
M 11 11
 27.1172 8.87477 -0.0708259 -1.92499 0.0533362 -21.6663 -4.32812 0.0100737 0.336047 1.4072 -0.638855
 8.87477 26.6075 -0.132067 -2.10983 0.08944 -8.21625 -16.6618 0.0217495 -0.718723 0.720029 -0.944429
 -0.0708259 -0.132067 0.0283904 0.0537897 -0.0196395 0.041347 0.0744969 -0.00837235 -0.00572285 0.0575746 -0.0372731
 -1.92499 -2.10983 0.0537897 15.0063 -0.0203698 2.11514 0.0711547 -0.0191971 -0.0138661 -1.17504 0.138901
 0.0533362 0.08944 -0.0196395 -0.0203698 0.0144474 -0.031313 -0.0545257 0.0052441 0.00344718 -0.0603851 0.0341603
 -21.6663 -8.21625 0.041347 2.11514 -0.031313 20.6172 3.75418 -0.00133453 0.0150311 -0.996767 0.603887
 -4.32812 -16.6618 0.0744969 0.0711547 -0.0545257 3.75418 13.5629 -0.00860955 0.476216 -0.949961 0.768648
 0.0100737 0.0217495 -0.00837235 -0.0191971 0.0052441 -0.00133453 -0.00860955 0.00296615 0.00289908 -0.00782559 0.00780861
 0.336047 -0.718723 -0.00572285 -0.0138661 0.00344718 0.0150311 0.476216 0.00289908 0.146802 -0.00603577 0.065959
 1.4072 0.720029 0.0575746 -1.17504 -0.0603851 -0.996767 -0.949961 -0.00782559 -0.00603577 7.19564 -2.14875
 -0.638855 -0.944429 -0.0372731 0.138901 0.0341603 0.603887 0.768648 0.00780861 0.065959 -2.14875 0.963562
